acc = 0.9136858475894246
eval_loss = 0.2560822379293171
mcc = 0.863719380101425
