acc = 0.912019551210842
eval_loss = 0.2597248283683831
mcc = 0.8599230029477176
