acc = 0.9127971561875139
eval_loss = 0.2583805053158009
mcc = 0.8611400370156931
