acc = 0.9197400577649412
eval_loss = 0.24279720182959916
mcc = 0.8726057387899605
