acc = 0.9199066874027994
eval_loss = 0.2436258259183126
mcc = 0.8727652355039929
