acc = 0.9169628971339703
eval_loss = 0.2511688805852376
mcc = 0.867970736879753
