acc = 0.8938569206842923
eval_loss = 0.2992883565578055
mcc = 0.8304628085186206
