acc = 0.9096311930682071
eval_loss = 0.26050955215667154
mcc = 0.8569653264986022
