acc = 0.91985114419018
eval_loss = 0.2473184569930354
mcc = 0.8727273054419222
