acc = 0.9200733170406576
eval_loss = 0.24686227405958988
mcc = 0.8732071375316831
