acc = 0.9007998222617196
eval_loss = 0.28533211096804195
mcc = 0.8435113316640861
